,M2,Personal Income,Real GDP
1980-01-01,1482.7,5647.002,6842.024
1980-02-01,1494.6,5620.681,6842.024
1980-03-01,1499.8,5590.815,6842.024
1980-04-01,1502.2,5584.107,6701.046
1980-05-01,1512.3,5567.006,6701.046
1980-06-01,1529.2,5580.753,6701.046
1980-07-01,1545.5,5622.97,6693.082
1980-08-01,1561.5,5635.319,6693.082
1980-09-01,1574.0,5660.268,6693.082
1980-10-01,1584.8,5709.69,6817.903
1980-11-01,1595.8,5724.084,6817.903
1980-12-01,1599.8,5752.531,6817.903
1981-01-01,1606.9,5734.617,6951.495
1981-02-01,1618.7,5719.24,6951.495
1981-03-01,1636.6,5738.038,6951.495
1981-04-01,1659.2,5728.013,6899.98
1981-05-01,1664.2,5745.595,6899.98
1981-06-01,1670.3,5777.617,6899.98
1981-07-01,1681.9,5864.382,6982.609
1981-08-01,1694.3,5886.997,6982.609
1981-09-01,1706.0,5878.892,6982.609
1981-10-01,1721.8,5857.426,6906.529
1981-11-01,1736.1,5864.614,6906.529
1981-12-01,1755.5,5861.21,6906.529
1982-01-01,1770.4,5848.114,6799.233
1982-02-01,1774.5,5872.84,6799.233
1982-03-01,1786.5,5868.612,6799.233
1982-04-01,1803.9,5909.084,6830.251
1982-05-01,1815.4,5908.564,6830.251
1982-06-01,1826.0,5888.205,6830.251
1982-07-01,1831.5,5888.176,6804.139
1982-08-01,1845.2,5899.028,6804.139
1982-09-01,1858.4,5895.812,6804.139
1982-10-01,1869.7,5891.195,6806.857
1982-11-01,1883.7,5913.084,6806.857
1982-12-01,1905.9,5942.633,6806.857
1983-01-01,1959.4,5934.876,6896.561
1983-02-01,1996.8,5938.408,6896.561
1983-03-01,2015.2,5966.425,6896.561
1983-04-01,2028.6,5970.863,7053.5
1983-05-01,2043.1,6001.225,7053.5
1983-06-01,2053.5,6009.417,7053.5
1983-07-01,2064.8,6026.699,7194.504
1983-08-01,2074.0,6018.252,7194.504
1983-09-01,2083.2,6059.929,7194.504
1983-10-01,2099.2,6118.429,7344.597
1983-11-01,2112.3,6168.024,7344.597
1983-12-01,2123.5,6223.391,7344.597
1984-01-01,2138.2,6245.624,7488.167
1984-02-01,2158.2,6281.817,7488.167
1984-03-01,2175.2,6320.089,7488.167
1984-04-01,2191.7,6360.969,7617.547
1984-05-01,2204.1,6375.454,7617.547
1984-06-01,2215.1,6423.367,7617.547
1984-07-01,2223.5,6437.956,7690.985
1984-08-01,2230.4,6479.979,7690.985
1984-09-01,2244.4,6529.431,7690.985
1984-10-01,2258.9,6510.152,7754.117
1984-11-01,2281.4,6544.204,7754.117
1984-12-01,2306.4,6588.184,7754.117
1985-01-01,2332.4,6580.637,7829.26
1985-02-01,2354.1,6585.272,7829.26
1985-03-01,2366.2,6612.413,7829.26
1985-04-01,2375.4,6599.057,7898.194
1985-05-01,2389.5,6612.496,7898.194
1985-06-01,2412.6,6635.234,7898.194
1985-07-01,2429.5,6644.228,8018.809
1985-08-01,2444.0,6643.228,8018.809
1985-09-01,2456.4,6672.97,8018.809
1985-10-01,2468.0,6704.205,8078.415
1985-11-01,2477.8,6713.717,8078.415
1985-12-01,2492.1,6753.646,8078.415
1986-01-01,2502.1,6748.379,8153.829
1986-02-01,2512.9,6781.198,8153.829
1986-03-01,2533.1,6845.164,8153.829
1986-04-01,2557.8,6868.394,8190.552
1986-05-01,2584.8,6876.66,8190.552
1986-06-01,2605.0,6879.973,8190.552
1986-07-01,2626.6,6914.174,8268.935
1986-08-01,2646.5,6930.668,8268.935
1986-09-01,2667.8,6939.418,8268.935
1986-10-01,2687.4,6943.808,8313.338
1986-11-01,2701.3,6958.128,8313.338
1986-12-01,2728.0,6986.532,8313.338
1987-01-01,2743.9,6979.565,8375.274
1987-02-01,2747.5,7003.502,8375.274
1987-03-01,2753.7,7021.974,8375.274
1987-04-01,2767.7,7018.7,8465.63
1987-05-01,2772.9,7061.896,8465.63
1987-06-01,2774.6,7055.724,8465.63
1987-07-01,2779.0,7079.773,8539.075
1987-08-01,2788.2,7116.439,8539.075
1987-09-01,2799.5,7121.607,8539.075
1987-10-01,2814.8,7166.796,8685.694
1987-11-01,2818.9,7198.984,8685.694
1987-12-01,2826.4,7276.869,8685.694
1988-01-01,2847.4,7266.388,8730.569
1988-02-01,2870.4,7295.646,8730.569
1988-03-01,2890.7,7311.851,8730.569
1988-04-01,2910.7,7328.508,8845.28
1988-05-01,2926.0,7333.893,8845.28
1988-06-01,2938.4,7358.475,8845.28
1988-07-01,2947.2,7390.521,8897.107
1988-08-01,2952.0,7409.197,8897.107
1988-09-01,2956.9,7423.142,8897.107
1988-10-01,2965.3,7464.112,9015.661
1988-11-01,2980.2,7466.443,9015.661
1988-12-01,2988.2,7505.154,9015.661
1989-01-01,2991.7,7574.454,9107.314
1989-02-01,2992.2,7597.954,9107.314
1989-03-01,2999.7,7638.607,9107.314
1989-04-01,3006.0,7609.138,9176.827
1989-05-01,3011.6,7576.787,9176.827
1989-06-01,3027.9,7598.207,9176.827
1989-07-01,3052.4,7623.421,9244.816
1989-08-01,3074.4,7640.113,9244.816
1989-09-01,3092.5,7661.17,9244.816
1989-10-01,3114.1,7697.677,9263.033
1989-11-01,3133.3,7704.96,9263.033
1989-12-01,3152.5,7710.845,9263.033
1990-01-01,3166.8,7729.779,9364.259
1990-02-01,3179.2,7752.924,9364.259
1990-03-01,3190.1,7759.639,9364.259
1990-04-01,3201.6,7808.177,9398.243
1990-05-01,3200.6,7798.731,9398.243
1990-06-01,3213.7,7810.631,9398.243
1990-07-01,3224.5,7835.999,9404.494
1990-08-01,3242.0,7785.836,9404.494
1990-09-01,3254.6,7782.07,9404.494
1990-10-01,3259.3,7717.737,9318.876
1990-11-01,3262.6,7717.4,9318.876
1990-12-01,3271.8,7756.286,9318.876
1991-01-01,3287.7,7704.361,9275.276
1991-02-01,3304.5,7709.551,9275.276
1991-03-01,3321.9,7720.647,9275.276
1991-04-01,3332.4,7749.985,9347.597
1991-05-01,3343.0,7750.995,9347.597
1991-06-01,3351.9,7791.805,9347.597
1991-07-01,3356.1,7774.221,9394.834
1991-08-01,3355.0,7789.786,9394.834
1991-09-01,3354.9,7814.158,9394.834
1991-10-01,3360.1,7824.889,9427.581
1991-11-01,3365.5,7838.376,9427.581
1991-12-01,3372.2,7905.194,9427.581
1992-01-01,3381.2,7944.73,9540.444
1992-02-01,3400.0,7984.306,9540.444
1992-03-01,3403.9,7997.516,9540.444
1992-04-01,3399.7,8027.405,9643.893
1992-05-01,3398.6,8070.296,9643.893
1992-06-01,3393.4,8104.04,9643.893
1992-07-01,3393.9,8097.588,9739.185
1992-08-01,3398.8,8128.942,9739.185
1992-09-01,3410.3,8097.898,9739.185
1992-10-01,3423.8,8058.13,9840.753
1992-11-01,3426.5,8075.702,9840.753
1992-12-01,3424.7,8370.056,9840.753
1993-01-01,3419.1,8139.598,9857.185
1993-02-01,3414.5,8177.086,9857.185
1993-03-01,3411.7,8155.735,9857.185
1993-04-01,3411.3,8217.177,9914.565
1993-05-01,3436.9,8215.306,9914.565
1993-06-01,3442.4,8205.201,9914.565
1993-07-01,3442.0,8231.95,9961.873
1993-08-01,3445.7,8249.745,9961.873
1993-09-01,3452.2,8231.195,9961.873
1993-10-01,3456.7,8196.591,10097.362
1993-11-01,3470.1,8217.661,10097.362
1993-12-01,3474.5,8503.361,10097.362
1994-01-01,3474.9,8335.434,10195.338
1994-02-01,3475.7,8343.769,10195.338
1994-03-01,3480.1,8366.265,10195.338
1994-04-01,3481.3,8444.331,10333.495
1994-05-01,3490.8,8461.678,10333.495
1994-06-01,3479.5,8450.103,10333.495
1994-07-01,3488.2,8464.421,10393.898
1994-08-01,3485.7,8476.627,10393.898
1994-09-01,3486.1,8513.63,10393.898
1994-10-01,3484.3,8589.73,10512.962
1994-11-01,3487.2,8587.815,10512.962
1994-12-01,3486.4,8628.68,10512.962
1995-01-01,3492.4,8668.811,10550.251
1995-02-01,3489.9,8688.435,10550.251
1995-03-01,3491.1,8710.634,10550.251
1995-04-01,3499.2,8720.808,10581.723
1995-05-01,3524.2,8727.672,10581.723
1995-06-01,3548.9,8760.049,10581.723
1995-07-01,3567.4,8789.866,10671.738
1995-08-01,3589.0,8802.869,10671.738
1995-09-01,3602.1,8837.197,10671.738
1995-10-01,3613.4,8850.415,10744.203
1995-11-01,3619.9,8879.562,10744.203
1995-12-01,3629.5,8896.158,10744.203
1996-01-01,3647.9,8926.676,10824.674
1996-02-01,3661.8,9001.329,10824.674
1996-03-01,3687.0,9033.063,10824.674
1996-04-01,3697.8,9057.059,11005.217
1996-05-01,3709.6,9096.567,11005.217
1996-06-01,3722.5,9157.654,11005.217
1996-07-01,3737.2,9139.696,11103.935
1996-08-01,3744.1,9169.903,11103.935
1996-09-01,3753.5,9196.583,11103.935
1996-10-01,3772.9,9198.473,11219.238
1996-11-01,3795.2,9228.566,11219.238
1996-12-01,3818.7,9265.155,11219.238
1997-01-01,3834.7,9319.423,11291.665
1997-02-01,3846.4,9349.477,11291.665
1997-03-01,3861.3,9394.426,11291.665
1997-04-01,3877.3,9402.274,11479.33
1997-05-01,3889.5,9445.666,11479.33
1997-06-01,3906.3,9479.903,11479.33
1997-07-01,3924.2,9522.2,11622.911
1997-08-01,3957.7,9578.403,11622.911
1997-09-01,3973.4,9607.353,11622.911
1997-10-01,3992.7,9658.026,11722.722
1997-11-01,4015.2,9726.892,11722.722
1997-12-01,4033.3,9785.812,11722.722
1998-01-01,4056.6,9873.266,11839.876
1998-02-01,4089.3,9940.962,11839.876
1998-03-01,4114.7,10002.033,11839.876
1998-04-01,4140.6,10039.324,11949.492
1998-05-01,4164.8,10085.552,11949.492
1998-06-01,4184.6,10144.008,11949.492
1998-07-01,4204.4,10162.839,12099.191
1998-08-01,4229.3,10201.936,12099.191
1998-09-01,4268.2,10238.095,12099.191
1998-10-01,4308.4,10258.055,12294.737
1998-11-01,4347.0,10307.997,12294.737
1998-12-01,4375.9,10333.504,12294.737
1999-01-01,4403.3,10373.294,12410.778
1999-02-01,4426.0,10417.25,12410.778
1999-03-01,4432.7,10430.593,12410.778
1999-04-01,4461.4,10402.17,12514.408
1999-05-01,4486.0,10427.595,12514.408
1999-06-01,4507.8,10466.837,12514.408
1999-07-01,4535.2,10494.43,12679.977
1999-08-01,4552.4,10544.201,12679.977
1999-09-01,4568.4,10539.991,12679.977
1999-10-01,4592.2,10603.75,12888.281
1999-11-01,4611.2,10677.288,12888.281
1999-12-01,4638.7,10764.92,12888.281
2000-01-01,4666.9,10861.073,12935.252
2000-02-01,4680.1,10906.015,12935.252
2000-03-01,4710.8,10936.525,12935.252
2000-04-01,4766.8,10996.136,13170.749
2000-05-01,4754.6,11035.828,13170.749
2000-06-01,4772.4,11066.822,13170.749
2000-07-01,4790.0,11124.906,13183.89
2000-08-01,4818.1,11184.673,13183.89
2000-09-01,4853.8,11193.727,13183.89
2000-10-01,4869.7,11220.903,13262.25
2000-11-01,4880.6,11226.227,13262.25
2000-12-01,4925.2,11250.439,13262.25
2001-01-01,4975.8,11323.538,13219.251
2001-02-01,5014.1,11350.432,13219.251
2001-03-01,5071.9,11387.62,13219.251
2001-04-01,5135.9,11358.418,13301.394
2001-05-01,5132.9,11324.681,13301.394
2001-06-01,5173.2,11307.367,13301.394
2001-07-01,5203.2,11305.21,13248.142
2001-08-01,5237.1,11288.466,13248.142
2001-09-01,5348.2,11293.856,13248.142
2001-10-01,5336.8,11270.094,13284.881
2001-11-01,5380.4,11274.709,13284.881
2001-12-01,5433.5,11291.997,13284.881
2002-01-01,5453.9,11310.671,13394.91
2002-02-01,5483.3,11310.978,13394.91
2002-03-01,5495.2,11303.416,13394.91
2002-04-01,5495.5,11318.158,13477.356
2002-05-01,5521.6,11350.189,13477.356
2002-06-01,5546.6,11378.603,13477.356
2002-07-01,5589.2,11345.251,13531.741
2002-08-01,5631.6,11346.165,13531.741
2002-09-01,5656.0,11354.349,13531.741
2002-10-01,5700.6,11375.991,13549.421
2002-11-01,5750.7,11400.204,13549.421
2002-12-01,5772.0,11422.32,13549.421
2003-01-01,5804.5,11384.713,13619.434
2003-02-01,5840.7,11342.643,13619.434
2003-03-01,5861.5,11362.017,13619.434
2003-04-01,5898.8,11415.478,13741.107
2003-05-01,5959.2,11504.258,13741.107
2003-06-01,5995.9,11544.701,13741.107
2003-07-01,6042.6,11556.121,13970.157
2003-08-01,6100.7,11575.046,13970.157
2003-09-01,6072.7,11592.143,13970.157
2003-10-01,6063.6,11636.646,14131.379
2003-11-01,6068.8,11703.597,14131.379
2003-12-01,6067.0,11707.692,14131.379
2004-01-01,6075.5,11684.568,14212.34
2004-02-01,6114.3,11699.682,14212.34
2004-03-01,6150.0,11742.021,14212.34
2004-04-01,6191.1,11780.133,14323.017
2004-05-01,6267.9,11843.426,14323.017
2004-06-01,6270.2,11857.121,14323.017
2004-07-01,6283.9,11901.852,14457.832
2004-08-01,6310.0,11952.18,14457.832
2004-09-01,6344.7,11970.187,14457.832
2004-10-01,6372.9,11979.811,14605.595
2004-11-01,6399.4,11952.449,14605.595
2004-12-01,6417.9,12360.044,14605.595
2005-01-01,6424.1,12030.309,14767.846
2005-02-01,6432.5,12043.195,14767.846
2005-03-01,6441.5,12085.855,14767.846
2005-04-01,6455.7,12127.668,14839.707
2005-05-01,6473.1,12183.116,14839.707
2005-06-01,6505.5,12217.881,14839.707
2005-07-01,6537.1,12239.59,14956.291
2005-08-01,6569.8,12261.516,14956.291
2005-09-01,6604.0,12219.45,14956.291
2005-10-01,6638.1,12284.88,15041.232
2005-11-01,6654.5,12365.114,15041.232
2005-12-01,6681.2,12413.233,15041.232
2006-01-01,6723.6,12574.008,15244.088
2006-02-01,6747.9,12645.305,15244.088
2006-03-01,6762.3,12701.207,15244.088
2006-04-01,6799.6,12705.491,15281.525
2006-05-01,6806.3,12695.255,15281.525
2006-06-01,6844.4,12712.012,15281.525
2006-07-01,6885.8,12704.463,15304.517
2006-08-01,6916.6,12695.144,15304.517
2006-09-01,6943.7,12772.499,15304.517
2006-10-01,6992.8,12843.406,15433.643
2006-11-01,7027.6,12909.172,15433.643
2006-12-01,7070.7,12984.234,15433.643
2007-01-01,7108.5,13006.171,15478.956
2007-02-01,7124.4,13061.098,15478.956
2007-03-01,7158.1,13108.154,15478.956
2007-04-01,7230.5,13127.29,15577.779
2007-05-01,7244.3,13132.722,15577.779
2007-06-01,7277.5,13126.842,15577.779
2007-07-01,7307.8,13135.377,15671.605
2007-08-01,7384.2,13136.139,15671.605
2007-09-01,7402.5,13156.905,15671.605
2007-10-01,7416.1,13145.838,15767.146
2007-11-01,7441.0,13135.917,15767.146
2007-12-01,7471.1,13183.731,15767.146
2008-01-01,7504.8,13184.557,15702.906
2008-02-01,7589.5,13188.11,15702.906
2008-03-01,7655.3,13197.539,15702.906
2008-04-01,7698.2,13158.395,15792.773
2008-05-01,7710.3,13711.039,15792.773
2008-06-01,7727.8,13379.664,15792.773
2008-07-01,7774.2,13161.127,15709.562
2008-08-01,7789.2,13075.823,15709.562
2008-09-01,7859.1,13082.697,15709.562
2008-10-01,7967.2,13169.564,15366.607
2008-11-01,8017.9,13260.343,15366.607
2008-12-01,8194.1,13170.803,15366.607
2009-01-01,8275.3,13042.104,15187.475
2009-02-01,8304.5,12886.18,15187.475
2009-03-01,8370.4,12848.892,15187.475
2009-04-01,8373.7,12871.559,15161.772
2009-05-01,8431.4,13036.5,15161.772
2009-06-01,8440.9,12812.914,15161.772
2009-07-01,8445.8,12765.298,15216.647
2009-08-01,8445.4,12742.72,15216.647
2009-09-01,8444.6,12775.489,15216.647
2009-10-01,8471.5,12736.508,15379.155
2009-11-01,8501.6,12771.458,15379.155
2009-12-01,8496.4,12831.88,15379.155
2010-01-01,8458.5,12896.559,15456.059
2010-02-01,8508.2,12901.993,15456.059
2010-03-01,8505.2,12950.955,15456.059
2010-04-01,8535.8,13056.69,15605.628
2010-05-01,8590.7,13159.251,15605.628
2010-06-01,8609.7,13175.393,15605.628
2010-07-01,8619.4,13210.27,15726.282
2010-08-01,8669.7,13263.082,15726.282
2010-09-01,8700.7,13272.55,15726.282
2010-10-01,8749.8,13281.308,15807.995
2010-11-01,8770.5,13296.74,15807.995
2010-12-01,8802.2,13376.431,15807.995
2011-01-01,8823.2,13548.864,15769.911
2011-02-01,8887.0,13586.621,15769.911
2011-03-01,8943.4,13553.718,15769.911
2011-04-01,9004.9,13530.436,15876.839
2011-05-01,9075.5,13513.331,15876.839
2011-06-01,9151.3,13569.654,15876.839
2011-07-01,9317.0,13622.766,15870.684
2011-08-01,9508.6,13613.4,15870.684
2011-09-01,9529.7,13595.905,15870.684
2011-10-01,9563.5,13603.839,16048.702
2011-11-01,9614.2,13593.654,16048.702
2011-12-01,9661.9,13721.817,16048.702
2012-01-01,9735.6,13776.848,16179.968
2012-02-01,9793.5,13861.163,16179.968
2012-03-01,9841.2,13913.971,16179.968
2012-04-01,9894.0,13973.636,16253.726
2012-05-01,9938.7,13978.969,16253.726
2012-06-01,10002.3,13979.492,16253.726
2012-07-01,10059.5,13896.051,16282.151
2012-08-01,10119.4,13869.443,16282.151
2012-09-01,10197.4,13975.225,16282.151
2012-10-01,10260.8,14069.32,16300.035
2012-11-01,10324.2,14259.576,16300.035
2012-12-01,10455.8,14610.104,16300.035
2013-01-01,10481.1,13887.401,16441.485
2013-02-01,10493.0,13855.25,16441.485
2013-03-01,10559.3,13904.124,16441.485
2013-04-01,10593.7,13957.849,16464.402
2013-05-01,10633.5,14026.743,16464.402
2013-06-01,10686.0,14028.535,16464.402
2013-07-01,10732.4,14001.477,16594.743
2013-08-01,10786.9,14028.243,16594.743
2013-09-01,10838.6,14082.895,16594.743
2013-10-01,10952.1,14048.788,16712.76
2013-11-01,10957.4,14092.57,16712.76
2013-12-01,11023.6,14131.172,16712.76
2014-01-01,11079.9,14206.305,16654.247
2014-02-01,11172.6,14286.139,16654.247
2014-03-01,11210.8,14360.058,16654.247
2014-04-01,11263.1,14405.213,16868.109
2014-05-01,11329.6,14450.616,16868.109
2014-06-01,11380.4,14510.863,16868.109
2014-07-01,11437.4,14562.405,17064.616
2014-08-01,11466.5,14640.391,17064.616
2014-09-01,11500.2,14695.291,17064.616
2014-10-01,11562.1,14764.113,17141.235
2014-11-01,11598.2,14844.961,17141.235
2014-12-01,11677.5,14943.794,17141.235
2015-01-01,11747.4,15072.911,17280.647
2015-02-01,11875.2,15126.858,17280.647
2015-03-01,11891.8,15095.985,17280.647
2015-04-01,11931.1,15140.893,17380.875
2015-05-01,11961.4,15171.872,17380.875
2015-06-01,12006.5,15178.053,17380.875
2015-07-01,12055.9,15204.327,17437.08
2015-08-01,12104.6,15236.666,17437.08
2015-09-01,12158.6,15279.719,17437.08
2015-10-01,12196.5,15320.816,17462.579
2015-11-01,12280.9,15319.814,17462.579
2015-12-01,12344.3,15385.188,17462.579
2016-01-01,12475.9,15397.111,17565.465
2016-02-01,12556.9,15406.809,17565.465
2016-03-01,12621.1,15406.989,17565.465
2016-04-01,12701.5,15385.935,17618.581
2016-05-01,12768.3,15382.189,17618.581
2016-06-01,12835.4,15395.378,17618.581
2016-07-01,12894.0,15453.228,17724.489
2016-08-01,12973.5,15466.08,17724.489
2016-09-01,13032.8,15501.21,17724.489
2016-10-01,13105.6,15521.629,17812.56
2016-11-01,13180.2,15556.527,17812.56
2016-12-01,13220.3,15591.825,17812.56
2017-01-01,13295.3,15639.669,17896.623
2017-02-01,13365.9,15695.511,17896.623
2017-03-01,13435.2,15752.978,17896.623
2017-04-01,13493.2,15763.02,17996.802
2017-05-01,13544.0,15857.476,17996.802
2017-06-01,13571.3,15867.418,17996.802
2017-07-01,13628.1,15921.093,18126.226
2017-08-01,13677.1,15951.101,18126.226
2017-09-01,13718.7,15983.514,18126.226
2017-10-01,13771.7,16037.593,18296.685
2017-11-01,13806.1,16071.676,18296.685
2017-12-01,13858.7,16114.703,18296.685
2018-01-01,13876.1,16152.138,18436.262
2018-02-01,13918.7,16181.23,18436.262
2018-03-01,13975.1,16215.671,18436.262
2018-04-01,14005.5,16226.395,18590.004
2018-05-01,14070.6,16262.025,18590.004
2018-06-01,14130.3,16312.969,18590.004
2018-07-01,14159.4,16385.766,18679.599
2018-08-01,14201.8,16441.545,18679.599
2018-09-01,14232.4,16426.684,18679.599
2018-10-01,14239.7,16441.012,18721.281
2018-11-01,14258.3,16460.651,18721.281
2018-12-01,14377.2,16641.026,18721.281
2019-01-01,14446.8,16683.408,18833.195
2019-02-01,14489.8,16729.066,18833.195
2019-03-01,14536.7,16740.364,18833.195
2019-04-01,14572.7,16697.855,18982.528
2019-05-01,14672.5,16699.533,18982.528
2019-06-01,14791.2,16710.524,18982.528
2019-07-01,14862.1,16709.063,19112.653
2019-08-01,14938.8,16779.587,19112.653
2019-09-01,15030.1,16805.38,19112.653
2019-10-01,15156.7,16824.363,19202.31
2019-11-01,15254.4,16897.326,19202.31
2019-12-01,15329.1,16856.434,19202.31
2020-01-01,15410.0,17003.206,18951.992
2020-02-01,15473.4,17111.944,18951.992
2020-03-01,16014.3,16828.473,18951.992
2020-04-01,17042.9,19028.423,17258.205
2020-05-01,17893.0,18232.325,17258.205
2020-06-01,18179.6,17984.904,17258.205
2020-07-01,18320.0,18092.923,18560.774
2020-08-01,18381.8,17509.277,18560.774
2020-09-01,18605.0,17608.769,18560.774
2020-10-01,18751.1,17560.994,18767.778
2020-11-01,18960.2,17385.231,18767.778
2020-12-01,19131.4,17432.051,18767.778
2021-01-01,19396.5,19103.244,19055.655
2021-02-01,19667.9,17678.432,19055.655
2021-03-01,19914.0,21267.506,19055.655
2021-04-01,20119.9,18263.434,19358.176
2021-05-01,20371.9,17767.022,19358.176
2021-06-01,20388.9,17698.928,19358.176
